91,113
91,112
91,111
91,110
91,109
91,108
91,107
91,106
91,105
91,104
91,103
91,102
91,101
91,100
91,99
91,98
91,97
91,96
91,95
91,94
91,93
91,92
91,91
91,90
91,89
91,88
91,87
91,86
91,85
91,84
91,83
91,82
91,81
91,80
91,79
91,78
91,77
91,76
91,75
91,74
91,73
91,72
91,71
91,70
91,69
91,68
91,67
91,66
91,65
91,64
91,38
91,37
91,36
91,35
91,34
91,33
91,32
91,31
91,30
91,29
91,28
91,27
91,26
91,25
91,24
91,23
91,22
91,21
91,20
91,19
91,18
91,17
91,16
91,15
91,14
91,13
4294967278,312
4294967279,380
91,12
91,11
4294967278,311
91,10
91,9
91,8
4294967278,310
4294967278,309
4294967278,308
4294967279,379
4294967279,378
91,7
4294967278,307
4294967279,377
4294967278,304
4294967279,376
4294967279,375
4294967278,303
4294967279,374
4294967278,302
4294967279,373
4294967278,301
4294967278,300
4294967279,372
4294967278,299
4294967279,371
4294967294,1121
93,8
93,7
93,6
93,5
93,4
93,3
93,2
93,1
4294967294,1108
4294967294,952
4294967294,1120
4294967294,1104
4294967294,1119
4294967294,1118
92,6
92,5
92,4
92,3
92,2
92,1
4294967294,488
91,6
91,5
91,4
91,3
91,2
91,1
90,5
90,4
90,3
90,2
90,1
4294967294,1117
89,9
89,8
89,7
89,6
89,5
89,4
89,3
89,2
89,1
4294967279,370
4294967294,1116
4294967294,1115
4294967294,953
4294967294,1114
4294967294,418
88,6
88,5
88,4
88,3
88,2
88,1
4294967279,369
87,5
87,4
87,3
87,2
87,1
4294967294,487
86,6
86,5
86,4
86,3
86,2
86,1
4294967294,1113
85,6
85,5
85,4
85,3
85,2
85,1
84,6
84,5
84,4
84,3
84,2
84,1
83,6
83,5
83,4
83,3
83,2
83,1
82,7
82,6
82,5
82,4
82,3
82,2
82,1
4294967294,1112
4294967294,951
4294967279,368
4294967279,367
79,113
79,112
79,111
79,110
79,109
79,108
79,107
79,106
79,105
79,104
79,103
79,102
79,101
79,100
79,99
79,98
79,97
79,96
79,95
79,94
79,93
79,92
79,91
79,90
79,89
79,88
79,87
79,86
79,85
79,84
79,83
79,82
79,81
79,80
79,79
79,78
79,77
79,76
79,75
79,74
79,73
79,72
79,71
79,70
79,69
79,68
79,67
79,66
79,65
79,64
79,38
79,37
79,36
79,35
79,34
79,33
79,32
79,31
79,30
79,29
79,28
79,27
79,26
79,25
79,24
79,23
79,22
79,21
79,20
79,19
79,18
79,17
79,16
79,15
79,14
79,13
4294967279,366
4294967279,364
79,12
79,11
79,10
79,9
79,8
4294967278,296
79,7
4294967278,294
4294967278,293
4294967279,363
4294967278,291
4294967278,290
4294967278,288
4294967278,287
4294967294,1111
81,8
81,7
81,6
81,5
81,4
81,3
81,2
81,1
4294967294,486
80,6
80,5
80,4
80,3
80,2
80,1
4294967294,1110
79,6
79,5
79,4
79,3
79,2
79,1
78,5
78,4
78,3
78,2
78,1
4294967279,362
4294967294,1109
77,9
77,8
77,7
77,6
77,5
77,4
77,3
77,2
77,1
4294967294,485
4294967294,975
76,6
76,5
76,4
76,3
76,2
76,1
75,5
75,4
75,3
75,2
75,1
74,6
74,5
74,4
74,3
74,2
74,1
73,6
73,5
73,4
73,3
73,2
73,1
4294967279,361
4294967294,1091
72,6
72,5
72,4
72,3
72,2
72,1
71,6
71,5
71,4
71,3
71,2
71,1
4294967294,1107
4294967294,1106
4294967294,52
70,7
70,6
70,5
70,4
70,3
70,2
70,1
67,113
67,112
67,111
67,110
67,109
67,108
67,107
67,106
67,105
67,104
67,103
67,102
67,101
67,100
67,99
67,98
67,97
67,96
67,95
67,94
67,93
67,92
67,91
67,90
67,89
67,88
67,87
67,86
67,85
67,84
67,83
67,82
67,81
67,80
67,79
67,78
67,77
67,76
67,75
67,74
67,73
67,72
67,71
67,70
67,69
67,68
67,67
67,66
67,65
67,64
67,38
67,37
67,36
67,35
67,34
67,33
67,32
67,31
67,30
67,29
67,28
67,27
67,26
67,25
67,24
67,23
67,22
67,21
67,20
67,19
67,18
67,17
67,16
67,15
67,14
67,13
4294967278,282
67,12
67,11
4294967279,360
67,10
67,9
67,8
4294967279,358
4294967279,357
67,7
4294967278,279
4294967278,278
4294967279,356
4294967279,354
4294967279,353
4294967278,276
4294967278,261
4294967279,352
4294967278,257
4294967278,252
4294967278,249
4294967278,247
4294967278,243
4294967294,1105
69,8
69,7
69,6
69,5
69,4
69,3
69,2
69,1
4294967294,484
68,6
68,5
68,4
68,3
68,2
68,1
4294967294,1096
67,6
67,5
67,4
67,3
67,2
67,1
66,5
66,4
66,3
66,2
66,1
4294967294,483
4294967294,1103
65,9
65,8
65,7
65,6
65,5
65,4
65,3
65,2
65,1
64,6
64,5
64,4
64,3
64,2
64,1
63,5
63,4
63,3
63,2
63,1
62,6
62,5
62,4
62,3
62,2
62,1
61,6
61,5
61,4
61,3
61,2
61,1
60,6
60,5
60,4
60,3
60,2
